0 0.782837 0.297907 0.069177 0.158927
0 0.790718 0.369196 0.075306 0.182472
0 0.811734 0.492152 0.060420 0.132767
0 0.755473 0.211576 0.052102 0.123610
0 0.744527 0.135383 0.056480 0.113800
0 0.827058 0.607914 0.073555 0.118378
0 0.842163 0.734140 0.071366 0.127534
0 0.742119 0.065075 0.049037 0.102681
0 0.660464 0.066383 0.039842 0.093525
0 0.666156 0.145193 0.038967 0.091563
0 0.677977 0.226946 0.041594 0.094179
0 0.685858 0.307063 0.040718 0.094833
0 0.698336 0.401243 0.047285 0.096141
0 0.709501 0.508829 0.052102 0.102027
0 0.725044 0.616416 0.048161 0.107914
0 0.740149 0.737737 0.052102 0.105952
0 0.188704 0.278286 0.058669 0.166776
0 0.176226 0.363636 0.066112 0.190974
0 0.195053 0.202420 0.047723 0.132767
0 0.162434 0.488228 0.054291 0.128842
0 0.210377 0.125572 0.051226 0.124264
0 0.169002 0.602027 0.061296 0.137999
0 0.141637 0.747220 0.066988 0.132767
0 0.211252 0.051995 0.045972 0.103990
0 0.285464 0.139961 0.042907 0.095487
0 0.287215 0.058862 0.039405 0.095487
0 0.283494 0.222695 0.040718 0.094833
0 0.277802 0.309680 0.043345 0.100065
0 0.277364 0.409091 0.045096 0.097449
0 0.267075 0.513080 0.045534 0.094833
0 0.265324 0.613473 0.049037 0.102027
0 0.251970 0.736102 0.060858 0.109222