0 0.276489 0.167103 0.058231 0.109222
0 0.444177 0.431001 0.059982 0.139961
0 0.166156 0.306082 0.076620 0.205363
0 0.347198 0.150752 0.063047 0.178548
0 0.436515 0.340746 0.060420 0.128188
0 0.451620 0.648790 0.066988 0.155657
0 0.258975 0.336494 0.056480 0.118378
0 0.354422 0.560170 0.059107 0.122302
0 0.271016 0.069326 0.057793 0.126880
0 0.244965 0.645520 0.068739 0.158273
0 0.770578 0.300523 0.089317 0.206017
0 0.542032 0.664814 0.056918 0.119686
0 0.590193 0.351210 0.049037 0.113800
0 0.607049 0.539895 0.056480 0.124918