0 0.197461 0.091236 0.061296 0.127534
0 0.168126 0.307717 0.078809 0.203401
0 0.344133 0.144212 0.070053 0.194245
0 0.358581 0.426422 0.060420 0.149117
0 0.186077 0.152714 0.064799 0.149771
0 0.234019 0.787770 0.080998 0.162852
0 0.274081 0.166776 0.052539 0.116416
0 0.258319 0.334532 0.050788 0.103990
0 0.263573 0.436233 0.063923 0.113800
0 0.355954 0.563113 0.052539 0.117724
0 0.768170 0.301504 0.084501 0.210595
0 0.601576 0.159908 0.061296 0.149771
0 0.571804 0.075867 0.061296 0.132112
0 0.506567 0.165468 0.063047 0.128188
0 0.242119 0.637999 0.088441 0.164160
0 0.440018 0.249182 0.061296 0.129496
0 0.740806 0.776978 0.068301 0.133421
0 0.418345 0.177567 0.053853 0.109222
0 0.682793 0.344343 0.050350 0.113146
0 0.605298 0.543819 0.059982 0.120994
0 0.544440 0.669392 0.063485 0.122302