0 0.441112 0.431328 0.061734 0.147155
0 0.436515 0.337802 0.065674 0.135383
0 0.347855 0.146174 0.067863 0.179856
0 0.455342 0.647809 0.075306 0.147155
0 0.356830 0.561151 0.055166 0.128188
0 0.277145 0.170046 0.049037 0.105952
0 0.258538 0.336821 0.060858 0.113800
0 0.163748 0.303793 0.080560 0.211249
0 0.272986 0.069980 0.057356 0.129496
0 0.236646 0.640615 0.082750 0.162852
0 0.770359 0.300196 0.084501 0.200131
0 0.588879 0.346305 0.053415 0.111838
0 0.428853 0.537606 0.055604 0.116416
0 0.541813 0.666122 0.058231 0.114454