0 0.782618 0.296272 0.066988 0.154349
0 0.787872 0.369196 0.069615 0.186396
0 0.709501 0.615762 0.053853 0.137999
0 0.751751 0.210595 0.049912 0.134729
0 0.838004 0.732832 0.072680 0.137999
0 0.740587 0.068018 0.048599 0.116416
0 0.440674 0.394702 0.056480 0.130150
0 0.590849 0.130804 0.046848 0.130804
0 0.665061 0.147155 0.039405 0.083715
0 0.657837 0.059843 0.042469 0.096141
0 0.708844 0.508829 0.047285 0.098103
0 0.696804 0.402878 0.046848 0.100719
0 0.674037 0.225638 0.042469 0.100719
0 0.516200 0.301177 0.039405 0.103990
0 0.615368 0.616416 0.049475 0.107914
0 0.644046 0.739699 0.052539 0.113800
0 0.206217 0.053303 0.053415 0.106606
0 0.253284 0.741988 0.066112 0.132767
0 0.171629 0.363309 0.073555 0.195553
0 0.185201 0.277632 0.072680 0.166776
0 0.159588 0.489209 0.061734 0.138653
0 0.361646 0.054611 0.049912 0.109222
0 0.364054 0.197515 0.054729 0.133421
0 0.167907 0.601046 0.070490 0.138653
0 0.448774 0.735775 0.053415 0.107260
0 0.264886 0.510137 0.046410 0.098103
0 0.263135 0.614454 0.056918 0.105298
0 0.275394 0.410072 0.046410 0.103336
0 0.436953 0.301504 0.043783 0.096795
0 0.429072 0.141923 0.043783 0.094179
0 0.281524 0.221714 0.043783 0.102027
0 0.285026 0.060170 0.044658 0.102027