0 0.160683 0.405167 0.075306 0.204709
0 0.196366 0.089928 0.058231 0.126226
0 0.186077 0.150098 0.059545 0.148463
0 0.143608 0.666122 0.074431 0.143231
0 0.163091 0.546109 0.061734 0.139961
0 0.349168 0.327665 0.053853 0.133421
0 0.343476 0.148136 0.064361 0.175932
0 0.413748 0.086004 0.049037 0.109222
0 0.415937 0.247220 0.049912 0.105952
0 0.273424 0.166122 0.048599 0.108568
0 0.260508 0.339111 0.050788 0.107914
0 0.261165 0.440157 0.057356 0.109876
0 0.246497 0.666449 0.063047 0.115108
0 0.519483 0.420209 0.062609 0.186396
0 0.358581 0.543492 0.061296 0.147809
0 0.594133 0.336167 0.060420 0.143885
0 0.636602 0.653041 0.065674 0.164160
0 0.771891 0.294964 0.078809 0.197515
0 0.649737 0.085350 0.054291 0.137999
0 0.731830 0.086004 0.055604 0.126226
0 0.805604 0.540222 0.069177 0.143885
0 0.741681 0.784500 0.060420 0.113146
0 0.683450 0.345324 0.049912 0.105952
0 0.576620 0.176259 0.049037 0.111838
0 0.513573 0.262263 0.047285 0.107260
0 0.606611 0.535971 0.052102 0.114454
0 0.540718 0.667757 0.052539 0.119032