0 0.850482 0.783519 0.072242 0.132112
0 0.733363 0.081753 0.053415 0.108568
0 0.705998 0.413669 0.063485 0.169392
0 0.772110 0.299215 0.078371 0.192937
0 0.816550 0.543819 0.070053 0.131458
0 0.607049 0.341400 0.059107 0.133421
0 0.742119 0.156965 0.055166 0.134729
0 0.520140 0.331589 0.047285 0.136037
0 0.743651 0.786462 0.058231 0.113146
0 0.683012 0.344016 0.044658 0.103336
0 0.575963 0.177240 0.044221 0.108568
0 0.507443 0.088947 0.042032 0.100719
0 0.512916 0.263571 0.042469 0.103336
0 0.532399 0.446697 0.045534 0.104644
0 0.600044 0.546109 0.046848 0.111184
0 0.543564 0.668411 0.051226 0.120340
0 0.164842 0.404840 0.073993 0.193591
0 0.352671 0.331262 0.057356 0.135383
0 0.161121 0.546763 0.068301 0.132112
0 0.348074 0.778940 0.065674 0.139961
0 0.199212 0.090582 0.049912 0.119686
0 0.186515 0.152387 0.054291 0.142577
0 0.144921 0.666122 0.061296 0.140615
0 0.275613 0.221060 0.066988 0.164814
0 0.274299 0.168084 0.040718 0.104644
0 0.261821 0.337475 0.043783 0.102027
0 0.414405 0.085350 0.043345 0.103990
0 0.416813 0.246239 0.046410 0.106606
0 0.260289 0.438849 0.049475 0.103336
0 0.248030 0.669065 0.052977 0.108568
0 0.448336 0.789078 0.054291 0.115762
0 0.430166 0.560170 0.049475 0.110530