0 0.197461 0.086658 0.069177 0.127534
0 0.197461 0.086658 0.069177 0.127534
0 0.164405 0.404840 0.088004 0.223676
0 0.345665 0.146501 0.067863 0.183126
0 0.184107 0.151733 0.059982 0.147809
0 0.357268 0.427404 0.067426 0.149771
0 0.232487 0.786462 0.084063 0.169392
0 0.272329 0.167103 0.047285 0.120994
0 0.258319 0.339438 0.055166 0.109876
0 0.257224 0.437214 0.057356 0.120994
0 0.356830 0.564094 0.062172 0.119686
0 0.770578 0.303466 0.084939 0.213211
0 0.440236 0.781884 0.075744 0.160235
0 0.599168 0.159581 0.050350 0.139961
0 0.439361 0.246239 0.063485 0.139307
0 0.571147 0.083061 0.053853 0.128188
0 0.502846 0.162198 0.059107 0.132112
0 0.417688 0.180510 0.047285 0.108568
0 0.744308 0.781557 0.065674 0.119032
0 0.684326 0.344997 0.050788 0.107914
0 0.606392 0.540549 0.053415 0.114454
0 0.543564 0.664814 0.057356 0.117070