0 0.783932 0.297907 0.069615 0.162852
0 0.788967 0.369523 0.071804 0.189666
0 0.841287 0.732832 0.070490 0.124918
0 0.741900 0.064748 0.047723 0.108568
0 0.750657 0.211903 0.045972 0.130804
0 0.709720 0.613146 0.056918 0.130150
0 0.660026 0.061478 0.038967 0.091563
0 0.666594 0.145847 0.041594 0.092871
0 0.677320 0.226946 0.042032 0.098103
0 0.700525 0.401570 0.047285 0.105952
0 0.708844 0.508175 0.049912 0.099411
0 0.645578 0.740026 0.049475 0.105298
0 0.619527 0.615108 0.051664 0.106606
0 0.517294 0.297907 0.045096 0.098757
0 0.589755 0.130477 0.047285 0.134075
0 0.444615 0.391759 0.054729 0.134729
0 0.160683 0.490844 0.056918 0.132767
0 0.175131 0.364944 0.065674 0.194899
0 0.189799 0.277632 0.063485 0.170700
0 0.193520 0.203074 0.049912 0.131458
0 0.366681 0.195880 0.047723 0.132767
0 0.167032 0.602027 0.070490 0.135383
0 0.449869 0.740680 0.050350 0.107914
0 0.262259 0.616743 0.058669 0.103336
0 0.262697 0.515697 0.056918 0.103990
0 0.273643 0.409091 0.057793 0.101373
0 0.276270 0.309353 0.046410 0.096795
0 0.429729 0.139961 0.041594 0.098103
0 0.282837 0.222695 0.046410 0.100065
0 0.285902 0.058535 0.042032 0.101373
0 0.208625 0.051995 0.047723 0.103990
0 0.255473 0.742969 0.060858 0.132112