0 0.275175 0.219424 0.067863 0.164160
0 0.160683 0.407456 0.073555 0.197515
0 0.351357 0.329300 0.061734 0.131458
0 0.159588 0.543819 0.066112 0.136691
0 0.345447 0.777632 0.063923 0.141269
0 0.197680 0.087966 0.052977 0.118378
0 0.187609 0.150425 0.053853 0.141269
0 0.142951 0.664487 0.065236 0.139961
0 0.358363 0.542184 0.059982 0.137345
0 0.272767 0.164487 0.046410 0.092217
0 0.258100 0.338784 0.045096 0.105952
0 0.258319 0.438522 0.055166 0.109222
0 0.246278 0.668411 0.055604 0.112492
0 0.446366 0.789078 0.055604 0.115762
0 0.429947 0.559843 0.054291 0.111184
0 0.415061 0.086658 0.046410 0.101373
0 0.415061 0.243296 0.044658 0.102027
0 0.606392 0.339765 0.052539 0.144539
0 0.648424 0.660562 0.070928 0.133421
0 0.846541 0.786789 0.074869 0.142577
0 0.771891 0.300196 0.081436 0.200131
0 0.730954 0.086985 0.058231 0.121648
0 0.649518 0.080772 0.055604 0.141923
0 0.520359 0.424133 0.065236 0.174624
0 0.742776 0.782865 0.057356 0.113800
0 0.574869 0.174951 0.042907 0.106606
0 0.507662 0.090582 0.042469 0.101373
0 0.513573 0.266187 0.048161 0.102027
0 0.682793 0.343362 0.047723 0.100719
0 0.598511 0.545128 0.053415 0.103990
0 0.542032 0.665795 0.053415 0.116416