0 0.737960 0.598103 0.082750 0.213865
0 0.852890 0.743950 0.082312 0.153695
0 0.617995 0.287443 0.059982 0.174624
0 0.639667 0.505886 0.055166 0.109222
0 0.698555 0.224003 0.052102 0.107914
0 0.536121 0.293002 0.056480 0.112492
0 0.456655 0.387835 0.067426 0.136037
0 0.656961 0.720405 0.073993 0.137999
0 0.381786 0.283192 0.069177 0.167430
0 0.283275 0.357423 0.089317 0.191629
0 0.205560 0.192610 0.065236 0.128842
0 0.455123 0.289078 0.051226 0.108568
0 0.384851 0.135710 0.051664 0.103990
0 0.307137 0.049052 0.052102 0.098103
0 0.273205 0.600392 0.063047 0.115108