0 0.587785 0.064421 0.054729 0.109222
0 0.789405 0.371485 0.080560 0.196207
0 0.840630 0.727600 0.071804 0.152387
0 0.620841 0.502616 0.051664 0.140615
0 0.596760 0.295618 0.068301 0.175278
0 0.663310 0.143558 0.046410 0.107914
0 0.677758 0.227600 0.049037 0.109876
0 0.697898 0.402551 0.049912 0.115762
0 0.705342 0.509483 0.058669 0.107260
0 0.643170 0.739699 0.060420 0.121648
0 0.520359 0.068345 0.040718 0.114454
0 0.515543 0.301831 0.051226 0.110530
0 0.586909 0.132767 0.058231 0.137345
0 0.441331 0.396337 0.065674 0.141269
0 0.365368 0.197515 0.057356 0.143885
0 0.362741 0.294310 0.060858 0.172662
0 0.168345 0.361020 0.073117 0.197515
0 0.158713 0.488228 0.065236 0.144539
0 0.253940 0.740026 0.070053 0.136691
0 0.204904 0.053303 0.061296 0.106606
0 0.164842 0.601700 0.076620 0.142577
0 0.272329 0.409091 0.059545 0.107914
0 0.263135 0.513407 0.057793 0.104644
0 0.261821 0.616089 0.057793 0.112492
0 0.283275 0.058208 0.053415 0.104644
0 0.287215 0.218770 0.052539 0.103990
0 0.435420 0.301504 0.048599 0.108568
0 0.446585 0.740026 0.068301 0.123610