0 0.740587 0.157292 0.049475 0.130150
0 0.522110 0.326684 0.048599 0.130150
0 0.707968 0.411707 0.051664 0.165468
0 0.770797 0.297253 0.072242 0.187704
0 0.850482 0.783519 0.073117 0.138653
0 0.726357 0.083715 0.052539 0.117724
0 0.816112 0.546109 0.071804 0.136037
0 0.683012 0.343035 0.042907 0.102681
0 0.605954 0.344343 0.059545 0.136691
0 0.654772 0.092871 0.042469 0.099411
0 0.577058 0.177240 0.043783 0.102027
0 0.514229 0.262590 0.042469 0.103990
0 0.529335 0.448005 0.050788 0.104644
0 0.744089 0.782865 0.052102 0.112492
0 0.600044 0.545782 0.047723 0.107914
0 0.542688 0.666776 0.052977 0.110530
0 0.351795 0.327992 0.057356 0.131458
0 0.347417 0.777305 0.064361 0.136691
0 0.198117 0.091563 0.048599 0.116416
0 0.186515 0.150425 0.055166 0.141269
0 0.142075 0.662525 0.065236 0.141269
0 0.163091 0.408764 0.071366 0.197515
0 0.417688 0.246239 0.043783 0.102681
0 0.273862 0.221060 0.067863 0.166122
0 0.413310 0.086985 0.042032 0.098103
0 0.272329 0.163506 0.042032 0.096795
0 0.260289 0.339438 0.048599 0.102027
0 0.260946 0.437214 0.052539 0.109222
0 0.248468 0.667430 0.046848 0.101373
0 0.431261 0.554284 0.045534 0.115762
0 0.450088 0.788751 0.056042 0.108568