0 0.766856 0.299215 0.077496 0.200785
0 0.801664 0.530085 0.070928 0.134075
0 0.732706 0.085350 0.053853 0.126226
0 0.595447 0.336167 0.057793 0.141269
0 0.638792 0.654676 0.070928 0.153041
0 0.740149 0.783192 0.059982 0.115762
0 0.519921 0.424133 0.066112 0.174624
0 0.577277 0.174624 0.050350 0.112492
0 0.684764 0.345324 0.047285 0.108568
0 0.605298 0.539895 0.052977 0.111838
0 0.544002 0.666122 0.046848 0.111838
0 0.515105 0.263244 0.049475 0.103990
0 0.651926 0.079464 0.052539 0.137999
0 0.359676 0.537933 0.061734 0.148463
0 0.345884 0.147155 0.062172 0.173970
0 0.163967 0.405821 0.085377 0.204709
0 0.237741 0.787770 0.069177 0.155003
0 0.196147 0.086331 0.051664 0.125572
0 0.188266 0.148790 0.053415 0.143231
0 0.141637 0.661871 0.070490 0.150425
0 0.351576 0.329627 0.063923 0.142577
0 0.412434 0.085350 0.050788 0.109222
0 0.416375 0.244277 0.048161 0.111838
0 0.273424 0.166122 0.049475 0.107260
0 0.258975 0.337475 0.049475 0.104644
0 0.258975 0.438849 0.055604 0.115108
0 0.249562 0.664487 0.054291 0.112492