0 0.461690 0.388816 0.057356 0.132767
0 0.853109 0.742969 0.072242 0.142577
0 0.737303 0.595814 0.082312 0.200131
0 0.614054 0.291040 0.063485 0.172662
0 0.695490 0.225638 0.048599 0.109876
0 0.638135 0.504905 0.056480 0.112492
0 0.534588 0.297253 0.051664 0.103990
0 0.550788 0.414977 0.051664 0.118378
0 0.529335 0.127207 0.052539 0.141923
0 0.383319 0.282538 0.064361 0.180510
0 0.288967 0.358077 0.073555 0.199477
0 0.454028 0.292675 0.046410 0.103990
0 0.306918 0.048398 0.048161 0.096795
0 0.306918 0.204709 0.051664 0.107260
0 0.277145 0.599738 0.053415 0.122956
0 0.227452 0.045782 0.060858 0.091563
0 0.655867 0.723676 0.068301 0.140615