0 0.599168 0.158600 0.057356 0.143231
0 0.769264 0.295618 0.085814 0.207979
0 0.516200 0.245258 0.063923 0.122956
0 0.438266 0.249509 0.063923 0.131458
0 0.439799 0.779267 0.078371 0.158927
0 0.741900 0.780576 0.065236 0.132767
0 0.568739 0.081753 0.060420 0.128188
0 0.682137 0.341400 0.056918 0.111184
0 0.541813 0.666122 0.055604 0.120994
0 0.606830 0.536952 0.061296 0.121648
0 0.491900 0.170373 0.050350 0.110530
0 0.419221 0.177567 0.045972 0.115762
0 0.163748 0.408764 0.083187 0.207979
0 0.346103 0.144866 0.061734 0.177240
0 0.235552 0.788097 0.082312 0.159581
0 0.198555 0.087312 0.059107 0.126226
0 0.186953 0.150752 0.058669 0.147155
0 0.356611 0.427404 0.060858 0.144539
0 0.412872 0.086004 0.049912 0.109222
0 0.273424 0.165795 0.052102 0.106606
0 0.260289 0.340419 0.053853 0.113146
0 0.260289 0.438849 0.057356 0.119032
0 0.354860 0.561805 0.057356 0.120340