0 0.197023 0.085023 0.055166 0.121648
0 0.236427 0.791367 0.082312 0.153041
0 0.161340 0.409418 0.080123 0.202747
0 0.345665 0.146501 0.058231 0.175278
0 0.349825 0.323414 0.062172 0.126226
0 0.187391 0.153695 0.057793 0.142577
0 0.355079 0.424133 0.062172 0.136691
0 0.417250 0.246893 0.049037 0.109222
0 0.411778 0.084696 0.052102 0.106606
0 0.272329 0.168084 0.049037 0.107260
0 0.257662 0.340746 0.049475 0.107260
0 0.259194 0.435579 0.060420 0.111184
0 0.250000 0.668411 0.056918 0.117724
0 0.651926 0.084369 0.056042 0.147809
0 0.634851 0.657946 0.064799 0.160889
0 0.594133 0.337802 0.059545 0.151079
0 0.359895 0.538587 0.063923 0.141923
0 0.517294 0.424460 0.065236 0.183126
0 0.767951 0.299869 0.082312 0.202093
0 0.803415 0.535644 0.070053 0.145193
0 0.731611 0.086658 0.056042 0.128842
0 0.575088 0.171027 0.044221 0.109222
0 0.512040 0.263571 0.048599 0.103336
0 0.683012 0.344997 0.050788 0.109222
0 0.605954 0.535644 0.056042 0.115108
0 0.540061 0.668411 0.054729 0.109876
0 0.742119 0.780903 0.062172 0.121648