0 0.782399 0.294964 0.068301 0.155657
0 0.786340 0.368215 0.071804 0.185742
0 0.808888 0.493460 0.056480 0.130150
0 0.753722 0.211903 0.047723 0.125572
0 0.743214 0.137672 0.058231 0.110530
0 0.826182 0.612492 0.071804 0.119686
0 0.742119 0.065402 0.046410 0.102027
0 0.839317 0.734467 0.067426 0.125572
0 0.738835 0.736102 0.051226 0.101373
0 0.723949 0.614454 0.049475 0.101373
0 0.710377 0.508502 0.043345 0.096141
0 0.698336 0.405167 0.044658 0.097449
0 0.685639 0.308371 0.045534 0.093525
0 0.675569 0.226619 0.040280 0.096141
0 0.665280 0.146174 0.041594 0.088293
0 0.660902 0.063767 0.039842 0.092217
0 0.191112 0.277959 0.061734 0.166122
0 0.175788 0.363636 0.064361 0.190974
0 0.193739 0.204709 0.048599 0.130804
0 0.161996 0.488228 0.055166 0.130150
0 0.211909 0.125899 0.050788 0.126226
0 0.167469 0.602027 0.065236 0.140615
0 0.143827 0.746239 0.062609 0.133421
0 0.210814 0.051341 0.045972 0.102681
0 0.287215 0.055919 0.038529 0.096141
0 0.285245 0.137672 0.042469 0.088293
0 0.282618 0.224657 0.041594 0.097449
0 0.277145 0.307717 0.048161 0.098757
0 0.278021 0.409745 0.047285 0.098757
0 0.264011 0.514388 0.054291 0.102681
0 0.264886 0.615762 0.050788 0.105298
0 0.252846 0.739699 0.054729 0.103336