0 0.840412 0.729889 0.076620 0.153041
0 0.519483 0.060170 0.052102 0.105952
0 0.789623 0.369523 0.084501 0.207979
0 0.597198 0.291367 0.067426 0.179856
0 0.699650 0.404840 0.058669 0.100719
0 0.676007 0.230216 0.056042 0.099411
0 0.664186 0.144539 0.048161 0.104644
0 0.518389 0.302485 0.046410 0.107914
0 0.626751 0.515043 0.056480 0.114454
0 0.439580 0.395683 0.070053 0.141269
0 0.443520 0.602681 0.067426 0.147155
0 0.361427 0.291367 0.066112 0.189012
0 0.509194 0.137345 0.057793 0.146501
0 0.166156 0.603663 0.078371 0.147809
0 0.170753 0.364290 0.078809 0.201439
0 0.205560 0.056573 0.065236 0.113146
0 0.255692 0.741988 0.076182 0.139307
0 0.263135 0.616089 0.058669 0.116416
0 0.438923 0.301831 0.053853 0.107914
0 0.285026 0.056246 0.048161 0.107260
0 0.286996 0.221714 0.052977 0.099411
0 0.451401 0.734140 0.063047 0.120994