0 0.788529 0.288097 0.059545 0.143231
0 0.792688 0.368542 0.078371 0.182472
0 0.761821 0.215500 0.051664 0.126226
0 0.803853 0.499346 0.058669 0.126226
0 0.746278 0.133748 0.054729 0.114454
0 0.826401 0.609222 0.071366 0.130150
0 0.742995 0.066710 0.048161 0.107260
0 0.839317 0.734467 0.074431 0.128188
0 0.659370 0.065075 0.041156 0.093525
0 0.665061 0.144212 0.042907 0.092217
0 0.675131 0.225311 0.045534 0.094833
0 0.684982 0.304120 0.045096 0.105952
0 0.699431 0.399281 0.041594 0.102681
0 0.711471 0.502616 0.043783 0.106606
0 0.725263 0.613146 0.046848 0.105298
0 0.739273 0.734140 0.052102 0.115762
0 0.188266 0.279267 0.064799 0.164814
0 0.174694 0.364290 0.068301 0.190974
0 0.192644 0.203728 0.052539 0.128842
0 0.160026 0.485939 0.059982 0.137345
0 0.200306 0.129169 0.054729 0.118378
0 0.156086 0.620340 0.067863 0.135383
0 0.143608 0.745258 0.067426 0.140615
0 0.208844 0.052976 0.050788 0.105952
0 0.281743 0.056900 0.046848 0.087639
0 0.281743 0.137999 0.047723 0.091563
0 0.281086 0.223676 0.046410 0.096795
0 0.273424 0.309026 0.056480 0.098757
0 0.273205 0.410726 0.056918 0.104644
0 0.262040 0.512753 0.058231 0.095487
0 0.261384 0.615762 0.061296 0.105298
0 0.250657 0.738064 0.060858 0.103990