0 0.273862 0.168738 0.040718 0.091563
0 0.683012 0.343689 0.042907 0.098757
0 0.771016 0.297253 0.070928 0.204709
0 0.511821 0.259647 0.042032 0.090255
0 0.269264 0.100065 0.053415 0.103336
0 0.574869 0.175605 0.048161 0.097449
0 0.735771 0.160562 0.054729 0.127534
0 0.275832 0.210595 0.070053 0.128188
0 0.271891 0.330608 0.056918 0.123610
0 0.656305 0.096468 0.042032 0.089601
0 0.414405 0.248528 0.045096 0.105952
0 0.160245 0.409091 0.070053 0.179856
0 0.187609 0.166122 0.065236 0.149117
0 0.514229 0.342381 0.061734 0.126226
0 0.192644 0.103336 0.065674 0.146501
0 0.434982 0.556900 0.059107 0.110530
0 0.600701 0.330935 0.058669 0.139961
0 0.709282 0.426095 0.071804 0.155003
0 0.549256 0.656965 0.057356 0.105298
0 0.249343 0.665468 0.051226 0.103990
0 0.719790 0.085350 0.052539 0.098757
0 0.599387 0.543819 0.053415 0.115762
0 0.848949 0.778613 0.071804 0.143231
0 0.135727 0.658600 0.070053 0.141269
0 0.813485 0.539895 0.080560 0.123610
0 0.157180 0.543492 0.070928 0.146501
0 0.348730 0.326357 0.060858 0.141269
0 0.261602 0.427077 0.061734 0.126880
0 0.528459 0.453237 0.054291 0.111184
0 0.440018 0.780576 0.062172 0.118378
0 0.348949 0.779595 0.069177 0.143885
0 0.746497 0.776651 0.055166 0.113146