0 0.772110 0.298234 0.071366 0.192283
0 0.704685 0.420863 0.068739 0.178548
0 0.845884 0.782538 0.077933 0.134075
0 0.733144 0.084696 0.057356 0.118378
0 0.358144 0.540549 0.063923 0.143231
0 0.650613 0.079137 0.052539 0.141269
0 0.605517 0.342708 0.056918 0.142577
0 0.646016 0.661216 0.066112 0.134729
0 0.597636 0.546109 0.058669 0.115108
0 0.739273 0.784827 0.061734 0.112492
0 0.682574 0.345978 0.043783 0.107260
0 0.576839 0.178221 0.042469 0.106606
0 0.507224 0.091236 0.047723 0.103990
0 0.514886 0.263898 0.046410 0.110530
0 0.354860 0.452256 0.045972 0.105298
0 0.543345 0.665468 0.049912 0.114454
0 0.196585 0.089928 0.050788 0.117070
0 0.345447 0.778613 0.064799 0.143231
0 0.274518 0.222041 0.067426 0.168084
0 0.161559 0.406475 0.072680 0.191629
0 0.186296 0.152060 0.055604 0.137999
0 0.143170 0.663833 0.068301 0.138653
0 0.162872 0.546763 0.074431 0.133421
0 0.351795 0.329300 0.057356 0.130150
0 0.417688 0.245258 0.048161 0.108568
0 0.411340 0.085677 0.046848 0.104644
0 0.273205 0.166449 0.048161 0.098757
0 0.261384 0.340746 0.048161 0.107260
0 0.246497 0.668411 0.056918 0.113800
0 0.259413 0.436233 0.053853 0.112492
0 0.431480 0.558862 0.047723 0.111838
0 0.445490 0.792348 0.058231 0.117070