0 0.708406 0.614127 0.071804 0.136037
0 0.788091 0.366579 0.080560 0.202093
0 0.599606 0.293656 0.060858 0.177894
0 0.838004 0.733159 0.082312 0.134729
0 0.588441 0.065075 0.048161 0.117070
0 0.664186 0.143231 0.044658 0.105952
0 0.675788 0.225965 0.049475 0.103990
0 0.700525 0.402878 0.054291 0.107260
0 0.707750 0.506213 0.052977 0.108568
0 0.640324 0.740680 0.057356 0.118378
0 0.517951 0.066710 0.045534 0.108568
0 0.520140 0.300850 0.047285 0.104644
0 0.589974 0.133748 0.052102 0.135383
0 0.442644 0.395356 0.056918 0.144539
0 0.363616 0.294964 0.065236 0.171354
0 0.253503 0.739372 0.067426 0.131458
0 0.205779 0.054938 0.059545 0.109876
0 0.170972 0.362655 0.073993 0.192937
0 0.157837 0.487574 0.063485 0.136691
0 0.365149 0.190974 0.054291 0.129496
0 0.162434 0.603336 0.074431 0.143231
0 0.436953 0.300850 0.049037 0.105952
0 0.285683 0.058208 0.049475 0.103336
0 0.288091 0.216808 0.049037 0.103990
0 0.273424 0.408764 0.059982 0.104644
0 0.263573 0.512753 0.056042 0.103336
0 0.263135 0.616089 0.057793 0.109876
0 0.450088 0.738064 0.055166 0.118378