0 0.429729 0.158600 0.059107 0.140615
0 0.234457 0.791367 0.079247 0.159581
0 0.164186 0.409091 0.085814 0.213865
0 0.344133 0.151733 0.066550 0.175278
0 0.197898 0.088620 0.070053 0.131458
0 0.186515 0.151406 0.065674 0.147155
0 0.355736 0.426095 0.064361 0.148463
0 0.411559 0.083388 0.056918 0.105298
0 0.272329 0.164160 0.053415 0.102027
0 0.258538 0.335840 0.057356 0.114454
0 0.248249 0.663179 0.057793 0.117724
0 0.260070 0.436560 0.056918 0.119686
0 0.767951 0.298888 0.084063 0.206671
0 0.597855 0.336494 0.059107 0.151079
0 0.440236 0.781884 0.071366 0.153695
0 0.568520 0.077175 0.053853 0.129496
0 0.521016 0.435906 0.062172 0.139307
0 0.596541 0.159254 0.048599 0.149771
0 0.359238 0.543165 0.062609 0.149771
0 0.514448 0.264879 0.048161 0.108568
0 0.489492 0.171681 0.050788 0.102681
0 0.686077 0.347286 0.052539 0.111184
0 0.744308 0.785154 0.059545 0.120994
0 0.606392 0.540549 0.051664 0.127534
0 0.542907 0.662852 0.057793 0.123610