0 0.521016 0.420863 0.064799 0.185088
0 0.594571 0.333878 0.054291 0.145847
0 0.639229 0.656311 0.069177 0.155003
0 0.767732 0.300850 0.079247 0.196207
0 0.733581 0.085677 0.056480 0.126880
0 0.847417 0.783519 0.079247 0.139961
0 0.744089 0.783192 0.063485 0.122302
0 0.682356 0.343362 0.052977 0.115108
0 0.575306 0.175605 0.044658 0.105298
0 0.608144 0.540222 0.054291 0.107260
0 0.542469 0.663179 0.056918 0.113800
0 0.513135 0.265533 0.048161 0.116416
0 0.653678 0.081099 0.053415 0.141269
0 0.357049 0.538260 0.059982 0.147809
0 0.197680 0.085677 0.056480 0.128188
0 0.163748 0.401570 0.072680 0.197515
0 0.349168 0.330281 0.059982 0.138653
0 0.162434 0.546109 0.072680 0.141269
0 0.187172 0.150752 0.058231 0.140615
0 0.144046 0.659581 0.067426 0.140615
0 0.272986 0.220733 0.073117 0.161543
0 0.273424 0.165795 0.049475 0.100065
0 0.412653 0.086331 0.049475 0.102027
0 0.417688 0.249509 0.045534 0.106606
0 0.259413 0.339438 0.046848 0.105952
0 0.258757 0.439830 0.054291 0.110530
0 0.251751 0.667757 0.056918 0.116416