0 0.766856 0.298234 0.081874 0.206671
0 0.731173 0.085350 0.057793 0.124918
0 0.804291 0.532047 0.071804 0.132767
0 0.636821 0.658273 0.066112 0.156311
0 0.595665 0.335186 0.058231 0.140615
0 0.520797 0.424460 0.065236 0.180510
0 0.513135 0.264552 0.045534 0.109222
0 0.742557 0.783192 0.058669 0.119686
0 0.683231 0.343035 0.051226 0.111838
0 0.606611 0.542511 0.058231 0.114454
0 0.540499 0.667430 0.059107 0.115762
0 0.489054 0.174951 0.053415 0.102681
0 0.597855 0.157946 0.063485 0.148463
0 0.358581 0.538260 0.069177 0.141269
0 0.345447 0.148136 0.065674 0.179856
0 0.197461 0.086985 0.058669 0.120340
0 0.238179 0.792021 0.078809 0.149117
0 0.350263 0.325703 0.059545 0.133421
0 0.355954 0.427404 0.054291 0.132767
0 0.187172 0.151406 0.058231 0.139307
0 0.165937 0.409418 0.084063 0.206671
0 0.414186 0.088947 0.043783 0.111184
0 0.417032 0.247547 0.048599 0.111838
0 0.273643 0.169065 0.049912 0.107914
0 0.260946 0.338784 0.051664 0.112492
0 0.259632 0.438522 0.053415 0.114454
0 0.250000 0.667430 0.057793 0.118378