0 0.186296 0.151079 0.065236 0.138653
0 0.356611 0.423806 0.051226 0.132112
0 0.234895 0.785808 0.072242 0.156311
0 0.352233 0.325376 0.059982 0.134075
0 0.345665 0.145847 0.063485 0.173970
0 0.161778 0.408110 0.078371 0.198823
0 0.197242 0.090909 0.059982 0.126880
0 0.413748 0.083715 0.046410 0.108568
0 0.249781 0.666122 0.055604 0.113146
0 0.260289 0.437541 0.059982 0.107260
0 0.260508 0.338457 0.052539 0.109222
0 0.275613 0.164487 0.051226 0.114454
0 0.598074 0.160562 0.050788 0.147155
0 0.357925 0.539241 0.055604 0.143231
0 0.441112 0.778613 0.066988 0.153695
0 0.595447 0.335840 0.057793 0.141923
0 0.769046 0.293329 0.080123 0.198169
0 0.570709 0.080445 0.051226 0.122956
0 0.790061 0.436233 0.070490 0.129496
0 0.742119 0.784173 0.061296 0.115108
0 0.685639 0.340746 0.047285 0.109876
0 0.489492 0.172335 0.042907 0.101373
0 0.514886 0.264225 0.042032 0.105952
0 0.607925 0.538260 0.052977 0.115108
0 0.542907 0.667103 0.050788 0.112492