0 0.273205 0.221060 0.072680 0.164814
0 0.770140 0.298561 0.076182 0.190320
0 0.651270 0.078156 0.052977 0.137999
0 0.731611 0.085023 0.054291 0.116416
0 0.684107 0.344016 0.049475 0.100719
0 0.847636 0.783846 0.078809 0.135383
0 0.741681 0.786462 0.061296 0.109222
0 0.648205 0.662525 0.066988 0.132112
0 0.607706 0.342708 0.053415 0.133421
0 0.519264 0.419555 0.063047 0.174624
0 0.540937 0.668411 0.055604 0.111184
0 0.598511 0.545782 0.049037 0.110530
0 0.576401 0.174624 0.043345 0.099411
0 0.507881 0.090255 0.036778 0.102027
0 0.513354 0.262263 0.045972 0.102027
0 0.358144 0.451275 0.046410 0.107260
0 0.359457 0.538260 0.056042 0.138653
0 0.161778 0.406475 0.070490 0.194245
0 0.196585 0.087312 0.051664 0.119686
0 0.351357 0.329300 0.059107 0.128842
0 0.160245 0.545782 0.069177 0.132767
0 0.185639 0.151079 0.053415 0.139961
0 0.141856 0.662852 0.067426 0.137999
0 0.272986 0.164487 0.043345 0.092217
0 0.259194 0.335513 0.050788 0.100719
0 0.245403 0.667757 0.057356 0.115108
0 0.259194 0.437868 0.050788 0.105298
0 0.413748 0.086985 0.043783 0.100719
0 0.417469 0.244931 0.044221 0.105298
0 0.431699 0.557881 0.047285 0.107260