0 0.735771 0.599411 0.086252 0.206017
0 0.851357 0.745585 0.079247 0.149117
0 0.455998 0.386200 0.076620 0.137999
0 0.615149 0.292348 0.066550 0.184434
0 0.694834 0.224330 0.054291 0.117724
0 0.536340 0.300196 0.049912 0.109876
0 0.638354 0.509810 0.049912 0.114454
0 0.657399 0.721060 0.071366 0.144539
0 0.528678 0.129169 0.062609 0.143231
0 0.287215 0.358077 0.074431 0.203401
0 0.231173 0.046763 0.059545 0.093525
0 0.379159 0.280576 0.056042 0.177894
0 0.454466 0.294964 0.056042 0.119032
0 0.305823 0.049706 0.052102 0.099411
0 0.304729 0.202420 0.052539 0.111838
0 0.276708 0.600065 0.057793 0.111838