0 0.770359 0.301504 0.078371 0.193591
0 0.521016 0.425114 0.063923 0.173970
0 0.651489 0.080772 0.054291 0.137999
0 0.733581 0.084042 0.052102 0.115762
0 0.847636 0.784173 0.078809 0.136037
0 0.741681 0.783846 0.062172 0.111838
0 0.638792 0.654349 0.070053 0.151079
0 0.604641 0.339438 0.057793 0.137345
0 0.684326 0.344016 0.048161 0.100719
0 0.578809 0.175932 0.045534 0.102027
0 0.514229 0.262263 0.045096 0.103336
0 0.607706 0.541203 0.048161 0.107914
0 0.542032 0.667103 0.052539 0.109876
0 0.356611 0.449313 0.047723 0.098103
0 0.358800 0.543165 0.058231 0.140615
0 0.272548 0.168084 0.045096 0.104644
0 0.277145 0.221387 0.058669 0.165468
0 0.162653 0.404186 0.072242 0.189666
0 0.161996 0.544801 0.073555 0.136037
0 0.184545 0.152060 0.066988 0.132767
0 0.143170 0.662525 0.064799 0.137345
0 0.353546 0.327011 0.060858 0.130804
0 0.196366 0.086331 0.063485 0.128188
0 0.412653 0.085350 0.046848 0.106606
0 0.417469 0.249182 0.047723 0.107260
0 0.259413 0.338129 0.049475 0.103336
0 0.257881 0.439176 0.055166 0.103990
0 0.244746 0.666776 0.060420 0.113146
0 0.429291 0.559189 0.047723 0.107260