0 0.244527 0.642577 0.069615 0.160235
0 0.769046 0.303466 0.081874 0.202747
0 0.571585 0.082080 0.057356 0.131458
0 0.505911 0.230870 0.058231 0.146501
0 0.419658 0.180510 0.050350 0.105952
0 0.684764 0.347286 0.046410 0.112492
0 0.606392 0.539241 0.054291 0.120994
0 0.542032 0.666122 0.055166 0.117070
0 0.452715 0.646828 0.070928 0.155657
0 0.440236 0.429039 0.059982 0.155657
0 0.163967 0.302158 0.075744 0.207979
0 0.433888 0.078483 0.055166 0.128188
0 0.345665 0.148790 0.059107 0.177240
0 0.272767 0.167757 0.051664 0.109222
0 0.259413 0.341727 0.059982 0.110530
0 0.348292 0.331589 0.054729 0.115108
0 0.356392 0.557881 0.056042 0.125572