0 0.771235 0.300196 0.073993 0.193591
0 0.706874 0.410399 0.072242 0.170700
0 0.607925 0.341727 0.054729 0.135383
0 0.813485 0.546763 0.079685 0.128188
0 0.849168 0.783846 0.077496 0.130150
0 0.730079 0.086331 0.054729 0.119032
0 0.648862 0.082080 0.054291 0.132767
0 0.519702 0.331589 0.049037 0.133421
0 0.742119 0.784500 0.056918 0.110530
0 0.682356 0.343035 0.045096 0.103990
0 0.577933 0.178548 0.042032 0.102027
0 0.506786 0.091236 0.041594 0.098757
0 0.513573 0.263898 0.043783 0.103990
0 0.598074 0.546436 0.050788 0.105298
0 0.543345 0.668738 0.048161 0.111838
0 0.355736 0.452910 0.054729 0.102681
0 0.351795 0.328646 0.055604 0.132767
0 0.162215 0.406475 0.072242 0.194245
0 0.162215 0.546763 0.067863 0.130804
0 0.345884 0.778286 0.066550 0.136037
0 0.196804 0.088620 0.050350 0.115762
0 0.185420 0.151733 0.055604 0.142577
0 0.141637 0.666776 0.068739 0.147155
0 0.274081 0.219424 0.069177 0.164160
0 0.274737 0.164160 0.040718 0.095487
0 0.413748 0.085023 0.042907 0.100719
0 0.418126 0.246893 0.043783 0.102681
0 0.259194 0.338457 0.046410 0.102681
0 0.246716 0.665468 0.056480 0.110530
0 0.259632 0.436560 0.055166 0.107914
0 0.428415 0.559516 0.053853 0.109222
0 0.447680 0.788751 0.055604 0.112492