0 0.345884 0.148463 0.073555 0.180510
0 0.184326 0.149444 0.063047 0.137999
0 0.197898 0.089601 0.063923 0.126880
0 0.165718 0.304774 0.077496 0.205363
0 0.235771 0.791367 0.086252 0.166122
0 0.274737 0.165468 0.059982 0.119032
0 0.259851 0.337475 0.056480 0.112492
0 0.260289 0.438195 0.059107 0.117724
0 0.357487 0.562459 0.061734 0.113800
0 0.769702 0.297253 0.084939 0.199477
0 0.598730 0.160889 0.059982 0.141269
0 0.243433 0.637999 0.076182 0.164160
0 0.349825 0.436233 0.067426 0.164814
0 0.570928 0.079464 0.056918 0.127534
0 0.511602 0.343035 0.064361 0.135383
0 0.415937 0.185415 0.050788 0.114454
0 0.684107 0.341073 0.048599 0.115762
0 0.545972 0.664814 0.059545 0.124918
0 0.604422 0.538914 0.057356 0.125572