0 0.237522 0.789078 0.088879 0.160235
0 0.438923 0.429039 0.066112 0.158273
0 0.347417 0.148136 0.061734 0.183780
0 0.165061 0.301504 0.079685 0.222368
0 0.194396 0.089274 0.061296 0.131458
0 0.274081 0.172008 0.053415 0.109876
0 0.255035 0.337802 0.057356 0.109222
0 0.259194 0.435906 0.061296 0.111838
0 0.354203 0.556246 0.064799 0.122302
0 0.767513 0.296926 0.088441 0.214519
0 0.572242 0.087639 0.053415 0.126880
0 0.351138 0.343035 0.062172 0.136691
0 0.347198 0.436560 0.068301 0.149771
0 0.244965 0.640615 0.066112 0.161543
0 0.508538 0.236756 0.059982 0.155657
0 0.415937 0.180510 0.051664 0.108568
0 0.684326 0.341727 0.051664 0.105298
0 0.607706 0.538587 0.056918 0.122302
0 0.544440 0.667103 0.058231 0.117724