0 0.783275 0.296599 0.073555 0.162852
0 0.789186 0.369196 0.077496 0.189012
0 0.762478 0.214846 0.052102 0.128842
0 0.804510 0.497384 0.059107 0.128842
0 0.746716 0.136691 0.055604 0.119032
0 0.826620 0.613146 0.072680 0.123610
0 0.741900 0.067364 0.049475 0.102027
0 0.840630 0.733159 0.069177 0.122956
0 0.739054 0.735775 0.050788 0.102027
0 0.723949 0.614454 0.051226 0.097449
0 0.711690 0.509810 0.050350 0.096141
0 0.699431 0.404840 0.044221 0.095487
0 0.685639 0.308044 0.043783 0.095487
0 0.674475 0.227600 0.045096 0.094179
0 0.666594 0.146174 0.041594 0.092217
0 0.660902 0.061151 0.038091 0.097449
0 0.189799 0.278286 0.063485 0.166776
0 0.174037 0.364617 0.066988 0.192937
0 0.192207 0.203728 0.049912 0.128842
0 0.159370 0.489863 0.059545 0.137345
0 0.198993 0.128842 0.056480 0.121648
0 0.156743 0.622629 0.066550 0.132112
0 0.208844 0.052976 0.049037 0.105952
0 0.140762 0.748201 0.071366 0.136037
0 0.282180 0.058208 0.044221 0.088947
0 0.281743 0.139307 0.045096 0.090255
0 0.280867 0.224330 0.043345 0.096795
0 0.275832 0.307717 0.049912 0.097449
0 0.273643 0.409418 0.054291 0.100719
0 0.264667 0.511772 0.053853 0.098757
0 0.264011 0.613146 0.051664 0.106606
0 0.254378 0.734140 0.051664 0.111838