0 0.343476 0.146501 0.068739 0.180510
0 0.198336 0.091563 0.063923 0.129496
0 0.188266 0.150098 0.062172 0.145847
0 0.166375 0.306082 0.074431 0.205363
0 0.239273 0.788097 0.083625 0.162198
0 0.272110 0.163506 0.053853 0.109876
0 0.257662 0.337148 0.052977 0.106606
0 0.259194 0.435579 0.062172 0.111184
0 0.358800 0.562459 0.059982 0.115108
0 0.771454 0.300196 0.085814 0.201439
0 0.572898 0.080772 0.059982 0.130150
0 0.505692 0.229889 0.062172 0.153695
0 0.510289 0.344670 0.062609 0.125572
0 0.351138 0.430674 0.073555 0.160235
0 0.241025 0.639634 0.072242 0.155657
0 0.418345 0.177240 0.049475 0.111184
0 0.542032 0.665468 0.057793 0.114454
0 0.684545 0.341727 0.052977 0.111838
0 0.609895 0.540549 0.054291 0.113146