0 0.768827 0.301504 0.072680 0.188358
0 0.790937 0.403859 0.073117 0.168084
0 0.815236 0.539895 0.069177 0.124918
0 0.766637 0.246239 0.063923 0.119686
0 0.823117 0.654676 0.065674 0.139961
0 0.741243 0.155330 0.049912 0.137999
0 0.726576 0.083715 0.053853 0.115108
0 0.848292 0.785481 0.078371 0.133421
0 0.743433 0.786135 0.056918 0.108568
0 0.723730 0.645520 0.053415 0.108568
0 0.699869 0.545128 0.051226 0.102681
0 0.696366 0.430020 0.048599 0.100065
0 0.678196 0.343689 0.056042 0.101373
0 0.676007 0.269130 0.048161 0.101373
0 0.653897 0.178548 0.046848 0.098103
0 0.653021 0.089928 0.041594 0.101373
0 0.177102 0.327011 0.068739 0.173970
0 0.160902 0.407129 0.074869 0.194245
0 0.169877 0.245912 0.060420 0.121648
0 0.157618 0.543819 0.077933 0.136691
0 0.184982 0.146501 0.059107 0.142577
0 0.140105 0.662852 0.068301 0.143231
0 0.195053 0.091890 0.056480 0.117070
0 0.133975 0.807717 0.077058 0.138653
0 0.266637 0.091563 0.049037 0.099411
0 0.273424 0.169392 0.048599 0.104644
0 0.260508 0.255723 0.050788 0.103336
0 0.258538 0.340092 0.052977 0.102027
0 0.259851 0.437541 0.056480 0.109876
0 0.239054 0.802812 0.061296 0.109222
0 0.244089 0.665141 0.059107 0.116416
0 0.431042 0.557554 0.052977 0.113146