0 0.785026 0.285808 0.074431 0.137345
0 0.791594 0.370831 0.070053 0.183126
0 0.760070 0.213538 0.055166 0.118378
0 0.804947 0.494768 0.061734 0.132767
0 0.747811 0.134075 0.053415 0.107260
0 0.826620 0.609549 0.072680 0.122956
0 0.841068 0.731197 0.065674 0.133421
0 0.741900 0.067364 0.050350 0.105952
0 0.661340 0.061478 0.041594 0.092871
0 0.664623 0.141269 0.040280 0.095487
0 0.678853 0.226946 0.038967 0.091563
0 0.685639 0.306736 0.042907 0.092871
0 0.697680 0.402224 0.050350 0.100719
0 0.711909 0.505232 0.049037 0.106606
0 0.723949 0.611838 0.044221 0.103990
0 0.738398 0.732505 0.048599 0.112492
0 0.191112 0.275997 0.070490 0.155657
0 0.171410 0.361020 0.068739 0.193591
0 0.159370 0.488882 0.061296 0.130150
0 0.197898 0.128515 0.055166 0.115762
0 0.155867 0.620667 0.068301 0.132112
0 0.206655 0.052976 0.055166 0.105952
0 0.140324 0.747874 0.073117 0.134075
0 0.284370 0.056573 0.046848 0.094833
0 0.279335 0.133748 0.048161 0.084369
0 0.279772 0.223676 0.055166 0.094179
0 0.274737 0.309026 0.058231 0.088293
0 0.273862 0.410072 0.058231 0.099411
0 0.263792 0.511445 0.056480 0.095487
0 0.262916 0.612165 0.056480 0.108568
0 0.250438 0.734467 0.064799 0.113800