0 0.848292 0.781230 0.077496 0.136691
0 0.768608 0.298888 0.074869 0.204055
0 0.733144 0.085677 0.054729 0.121648
0 0.518389 0.423152 0.059545 0.176586
0 0.636384 0.655984 0.063485 0.149117
0 0.596322 0.335186 0.055166 0.137999
0 0.742995 0.782865 0.056918 0.117724
0 0.606173 0.538260 0.051226 0.104644
0 0.542250 0.665795 0.052977 0.109876
0 0.684764 0.346305 0.049912 0.106606
0 0.514011 0.264879 0.052539 0.107260
0 0.575963 0.174297 0.051226 0.105298
0 0.651926 0.079791 0.052539 0.137345
0 0.357925 0.543165 0.057356 0.144539
0 0.184326 0.151079 0.060420 0.139961
0 0.197023 0.090255 0.051664 0.117724
0 0.161778 0.404513 0.074869 0.196861
0 0.344133 0.146828 0.062172 0.178548
0 0.349825 0.330935 0.060420 0.133421
0 0.161996 0.545455 0.073555 0.134729
0 0.143389 0.660889 0.069615 0.144539
0 0.250219 0.669392 0.054729 0.113146
0 0.258975 0.439503 0.062609 0.108568
0 0.258100 0.339111 0.050350 0.110530
0 0.272329 0.171681 0.052539 0.109222
0 0.412872 0.086004 0.049037 0.106606
0 0.419440 0.245912 0.050788 0.104644