0 0.645359 0.777305 0.070928 0.140615
0 0.844571 0.779595 0.074431 0.136037
0 0.724168 0.637345 0.082312 0.208633
0 0.593914 0.326357 0.069615 0.176586
0 0.676883 0.255396 0.047285 0.105298
0 0.619746 0.549379 0.054729 0.115108
0 0.511821 0.337148 0.049037 0.102681
0 0.265762 0.541857 0.063047 0.141923
0 0.352890 0.409745 0.075306 0.194245
0 0.174037 0.252780 0.066988 0.126226
0 0.428634 0.339438 0.049912 0.108568
0 0.356173 0.184434 0.048599 0.108568
0 0.268389 0.087966 0.049037 0.103990
0 0.254597 0.670700 0.059982 0.109222