0 0.586252 0.068018 0.053415 0.122956
0 0.840193 0.735121 0.074431 0.138653
0 0.789842 0.370177 0.078809 0.198823
0 0.596979 0.291367 0.069615 0.172008
0 0.663748 0.144212 0.044658 0.101373
0 0.675788 0.227600 0.045972 0.107260
0 0.698117 0.400262 0.052977 0.112492
0 0.621060 0.505232 0.050350 0.107914
0 0.516419 0.302158 0.053853 0.107260
0 0.517294 0.065075 0.045972 0.100065
0 0.590193 0.134075 0.049037 0.133421
0 0.437172 0.394702 0.069615 0.139307
0 0.360333 0.295618 0.070928 0.170046
0 0.207093 0.055919 0.058669 0.111838
0 0.254816 0.744604 0.070053 0.136691
0 0.166813 0.362328 0.078809 0.196207
0 0.154553 0.486920 0.075306 0.137999
0 0.366025 0.195553 0.060420 0.136037
0 0.164186 0.606279 0.077933 0.143885
0 0.435639 0.298888 0.049912 0.105952
0 0.283713 0.055919 0.045534 0.102681
0 0.285245 0.215500 0.048599 0.109222
0 0.262478 0.613800 0.059107 0.120994
0 0.444396 0.734467 0.061296 0.117724