0 0.441112 0.431328 0.070490 0.152387
0 0.164186 0.306736 0.081436 0.214519
0 0.346103 0.147482 0.059982 0.177240
0 0.423380 0.158927 0.060420 0.129496
0 0.273643 0.170046 0.053415 0.111184
0 0.261821 0.337148 0.060420 0.120994
0 0.347636 0.331916 0.054291 0.114454
0 0.357049 0.560824 0.058231 0.124918
0 0.453371 0.649444 0.070490 0.154349
0 0.244089 0.641269 0.073117 0.155003
0 0.770140 0.298888 0.084939 0.197515
0 0.572680 0.086658 0.062172 0.130150
0 0.508100 0.234140 0.056480 0.150425
0 0.684326 0.346305 0.049037 0.109222
0 0.609238 0.539895 0.054729 0.114454
0 0.543564 0.665795 0.055604 0.124264