0 0.595665 0.297580 0.073117 0.171354
0 0.786778 0.370177 0.087566 0.200131
0 0.838441 0.725311 0.076182 0.153041
0 0.584282 0.061478 0.052977 0.111184
0 0.589755 0.134402 0.063047 0.130150
0 0.441988 0.392413 0.066988 0.141269
0 0.666156 0.146174 0.045972 0.101373
0 0.676883 0.229562 0.046410 0.105952
0 0.699212 0.401897 0.049912 0.118378
0 0.625000 0.502943 0.056480 0.111184
0 0.515981 0.301177 0.051226 0.105298
0 0.519921 0.066056 0.049475 0.107260
0 0.361646 0.294964 0.073555 0.170046
0 0.257881 0.380314 0.065674 0.151079
0 0.364492 0.190320 0.059982 0.137345
0 0.164623 0.601373 0.076182 0.153695
0 0.167907 0.367560 0.080123 0.205363
0 0.204028 0.054611 0.064799 0.109222
0 0.251095 0.741007 0.076620 0.142577
0 0.282180 0.057227 0.049475 0.101373
0 0.263135 0.614781 0.056918 0.116416
0 0.288310 0.218770 0.056480 0.113146
0 0.435420 0.301504 0.051226 0.107260
0 0.446366 0.736756 0.057356 0.122302