0 0.598074 0.290713 0.070053 0.177240
0 0.805823 0.482341 0.083625 0.206017
0 0.836909 0.731524 0.080998 0.147155
0 0.696366 0.405167 0.050350 0.111838
0 0.675131 0.227600 0.053415 0.099411
0 0.662434 0.144866 0.047285 0.100065
0 0.520359 0.067364 0.045096 0.098103
0 0.515324 0.302158 0.050788 0.113800
0 0.623687 0.503924 0.059107 0.118378
0 0.440455 0.393721 0.063923 0.137345
0 0.206874 0.055592 0.060858 0.111184
0 0.255473 0.744277 0.066112 0.137345
0 0.267075 0.369523 0.075306 0.198823
0 0.508319 0.137672 0.054291 0.143231
0 0.166156 0.603009 0.076620 0.143885
0 0.441331 0.603009 0.061296 0.138653
0 0.362960 0.291040 0.063047 0.177894
0 0.434982 0.302485 0.050350 0.103990
0 0.284588 0.057227 0.053415 0.106606
0 0.286121 0.217135 0.050350 0.105952
0 0.260727 0.616416 0.059107 0.114454
0 0.446804 0.738064 0.062609 0.115762