0 0.783056 0.296926 0.068739 0.153041
0 0.791156 0.368869 0.076182 0.185742
0 0.763792 0.214519 0.053853 0.124264
0 0.803634 0.496076 0.059982 0.131458
0 0.747373 0.136691 0.056918 0.113800
0 0.827058 0.608568 0.074431 0.122302
0 0.742557 0.066383 0.049037 0.101373
0 0.842820 0.736756 0.071804 0.126226
0 0.658494 0.063767 0.042032 0.093525
0 0.665061 0.142904 0.040280 0.096141
0 0.676883 0.225965 0.042032 0.096141
0 0.687172 0.308371 0.043345 0.098757
0 0.698555 0.403532 0.049475 0.094179
0 0.711909 0.506867 0.046410 0.105952
0 0.725482 0.615762 0.049912 0.102681
0 0.739054 0.736429 0.054291 0.102027
0 0.188485 0.277632 0.063485 0.169392
0 0.173599 0.363963 0.067863 0.189012
0 0.160245 0.489863 0.056918 0.136037
0 0.192207 0.205036 0.051664 0.130150
0 0.199650 0.127534 0.054291 0.117724
0 0.155648 0.622956 0.068739 0.130150
0 0.253940 0.740353 0.056918 0.104644
0 0.261165 0.616743 0.062609 0.103336
0 0.264448 0.514716 0.052539 0.098103
0 0.276489 0.411707 0.050350 0.101373
0 0.277145 0.310661 0.052539 0.098103
0 0.285683 0.225638 0.043345 0.094179
0 0.286121 0.139307 0.045096 0.088947
0 0.286121 0.060170 0.044221 0.098103
0 0.209063 0.052976 0.047723 0.104644
0 0.142513 0.744604 0.067863 0.140615