0 0.739930 0.598103 0.084063 0.196861
0 0.855298 0.739699 0.068739 0.139961
0 0.655210 0.721714 0.066112 0.139307
0 0.529772 0.129496 0.049912 0.138653
0 0.617557 0.290713 0.069615 0.177240
0 0.696804 0.226619 0.045096 0.102681
0 0.717820 0.405167 0.054729 0.105298
0 0.640543 0.503597 0.051664 0.108568
0 0.536996 0.298234 0.048599 0.108568
0 0.459063 0.390124 0.062609 0.135383
0 0.455779 0.294964 0.049037 0.100719
0 0.380473 0.284827 0.070053 0.172008
0 0.285026 0.355788 0.071804 0.194899
0 0.232268 0.049706 0.059982 0.099411
0 0.306261 0.046763 0.045972 0.093525
0 0.307356 0.204055 0.050788 0.104644
0 0.274737 0.603009 0.058231 0.112492