0 0.443520 0.602027 0.059545 0.140615
0 0.366462 0.189993 0.053415 0.132767
0 0.362741 0.289405 0.056480 0.175932
0 0.172504 0.365271 0.082312 0.200785
0 0.253940 0.743296 0.069177 0.136691
0 0.205560 0.054938 0.063485 0.109876
0 0.167032 0.603663 0.073117 0.145193
0 0.439799 0.302158 0.047723 0.099411
0 0.446366 0.736102 0.061734 0.113146
0 0.263573 0.614127 0.058669 0.111184
0 0.287215 0.218770 0.048161 0.111838
0 0.284588 0.056573 0.049912 0.106606
0 0.441769 0.392086 0.070053 0.141923
0 0.834939 0.736429 0.079685 0.149117
0 0.791813 0.364290 0.079247 0.205363
0 0.599387 0.293329 0.059545 0.173316
0 0.665061 0.144539 0.045534 0.104644
0 0.675350 0.226292 0.047723 0.107260
0 0.696585 0.402224 0.048161 0.111184
0 0.625876 0.508175 0.052102 0.113800
0 0.518608 0.068345 0.051226 0.110530
0 0.519264 0.301504 0.049912 0.115108