0 0.644264 0.770438 0.073117 0.138653
0 0.847636 0.779595 0.076182 0.141269
0 0.721103 0.637999 0.090193 0.204709
0 0.593039 0.324068 0.061734 0.175932
0 0.677539 0.254415 0.049475 0.115108
0 0.623249 0.549706 0.056480 0.119686
0 0.509632 0.337802 0.048161 0.107914
0 0.267294 0.541530 0.072242 0.143885
0 0.260070 0.411380 0.071804 0.200131
0 0.255473 0.670373 0.058231 0.111184
0 0.175569 0.250491 0.064799 0.117724
0 0.269702 0.087639 0.049912 0.103336
0 0.354203 0.179202 0.050788 0.107260
0 0.430823 0.343035 0.049912 0.110530