0 0.443958 0.395356 0.063047 0.135383
0 0.519264 0.065729 0.046410 0.105298
0 0.840412 0.735775 0.083625 0.141269
0 0.804729 0.486920 0.087566 0.200785
0 0.599387 0.292348 0.063923 0.181818
0 0.697461 0.406148 0.049912 0.105952
0 0.676445 0.230543 0.044658 0.103990
0 0.516419 0.305101 0.049475 0.102681
0 0.623249 0.505559 0.052102 0.108568
0 0.640981 0.718116 0.073555 0.142577
0 0.210377 0.058862 0.059107 0.117724
0 0.362741 0.294637 0.059107 0.174624
0 0.270140 0.373120 0.072680 0.195553
0 0.441112 0.601046 0.061734 0.143885
0 0.508319 0.135710 0.053415 0.132767
0 0.357925 0.496076 0.064361 0.141923
0 0.436077 0.300523 0.049037 0.103990
0 0.284151 0.057554 0.049037 0.103336
0 0.287872 0.216808 0.046848 0.109222
0 0.262259 0.612492 0.057793 0.117070