0 0.792907 0.405494 0.075306 0.173970
0 0.770359 0.303793 0.074869 0.179856
0 0.766856 0.244931 0.066112 0.120994
0 0.815893 0.541530 0.076620 0.120340
0 0.744308 0.155657 0.050788 0.134729
0 0.823336 0.655330 0.065236 0.132112
0 0.724606 0.081099 0.053415 0.124264
0 0.848730 0.785808 0.075744 0.128842
0 0.744746 0.786789 0.059545 0.111184
0 0.722636 0.645847 0.062609 0.111838
0 0.697242 0.542511 0.054729 0.102681
0 0.694615 0.429693 0.052102 0.099411
0 0.684982 0.345324 0.048599 0.098103
0 0.677758 0.266841 0.047285 0.099411
0 0.659807 0.176259 0.042032 0.096141
0 0.654991 0.091563 0.042032 0.099411
0 0.177102 0.324068 0.064361 0.170700
0 0.161121 0.406148 0.072680 0.194899
0 0.171848 0.243623 0.064361 0.114454
0 0.159588 0.544801 0.066988 0.132112
0 0.185639 0.149771 0.054291 0.134729
0 0.142951 0.663506 0.066988 0.139307
0 0.195928 0.087312 0.053853 0.119686
0 0.131786 0.805428 0.070928 0.136691
0 0.265762 0.090255 0.044658 0.098103
0 0.271454 0.170046 0.045534 0.100719
0 0.258757 0.255396 0.045534 0.101373
0 0.261602 0.336821 0.050350 0.096795
0 0.259851 0.437541 0.052102 0.104644
0 0.252189 0.549052 0.051664 0.106606
0 0.244089 0.669392 0.054729 0.110530
0 0.238179 0.804447 0.063923 0.108568