0 0.442863 0.432309 0.070490 0.141269
0 0.434982 0.341073 0.058231 0.131458
0 0.451839 0.649444 0.070928 0.158273
0 0.167250 0.305428 0.082312 0.211903
0 0.345009 0.145847 0.069177 0.176586
0 0.274737 0.166449 0.055604 0.110530
0 0.259632 0.338457 0.057793 0.107914
0 0.356392 0.565075 0.051664 0.117724
0 0.273424 0.069326 0.047723 0.130804
0 0.348949 0.421190 0.062172 0.154349
0 0.771891 0.297907 0.087566 0.200785
0 0.428196 0.539895 0.055166 0.109222
0 0.588879 0.342708 0.054291 0.113800
0 0.542469 0.663179 0.058669 0.120340