0 0.852452 0.743296 0.075306 0.135383
0 0.739492 0.601046 0.082312 0.204055
0 0.618651 0.294637 0.062172 0.166776
0 0.698336 0.227600 0.047285 0.104644
0 0.715849 0.404840 0.051664 0.104644
0 0.639667 0.503924 0.054291 0.105298
0 0.535245 0.297253 0.051226 0.102681
0 0.458187 0.385219 0.057356 0.134729
0 0.455560 0.597122 0.060858 0.142577
0 0.378065 0.282538 0.065236 0.173970
0 0.286778 0.357096 0.071804 0.193591
0 0.372592 0.482668 0.060420 0.142577
0 0.455342 0.295945 0.046410 0.101373
0 0.307574 0.202747 0.045972 0.104644
0 0.277364 0.602354 0.056480 0.112492
0 0.307137 0.048725 0.046848 0.097449
0 0.230954 0.048398 0.057356 0.096795
0 0.657618 0.721387 0.068301 0.146501