0 0.769264 0.298561 0.082312 0.209941
0 0.598730 0.155984 0.050350 0.141923
0 0.571585 0.078483 0.062609 0.130804
0 0.521454 0.436887 0.070928 0.156965
0 0.682356 0.340092 0.057356 0.116416
0 0.743651 0.776978 0.060858 0.122956
0 0.545315 0.667430 0.063485 0.124918
0 0.607925 0.534990 0.055604 0.126880
0 0.416375 0.179856 0.050788 0.105952
0 0.492338 0.175278 0.055604 0.107260
0 0.597636 0.333878 0.066550 0.152387
0 0.443739 0.776324 0.071366 0.164814
0 0.346979 0.144866 0.066112 0.181164
0 0.235989 0.789078 0.086690 0.162852
0 0.197898 0.087966 0.063923 0.127534
0 0.356173 0.428058 0.067863 0.155003
0 0.189799 0.149771 0.063485 0.160889
0 0.159151 0.408437 0.093257 0.206017
0 0.412653 0.083388 0.057356 0.110530
0 0.274299 0.165141 0.055604 0.114454
0 0.258757 0.335186 0.049037 0.113146
0 0.259413 0.437541 0.059107 0.117724
0 0.356173 0.559189 0.065236 0.124264