0 0.345009 0.147155 0.070928 0.184434
0 0.163091 0.408110 0.085377 0.219751
0 0.197898 0.086004 0.062172 0.131458
0 0.186515 0.147155 0.063923 0.151733
0 0.353327 0.428058 0.071804 0.152387
0 0.234457 0.787443 0.088004 0.177894
0 0.414405 0.086658 0.048599 0.113146
0 0.273424 0.163833 0.058231 0.120994
0 0.259851 0.341400 0.056480 0.121648
0 0.258975 0.436887 0.066112 0.122956
0 0.358581 0.563113 0.056042 0.124264
0 0.770359 0.298561 0.081874 0.199477
0 0.596103 0.157292 0.050350 0.147155
0 0.439580 0.774362 0.075306 0.168738
0 0.437172 0.246239 0.073117 0.134075
0 0.568739 0.080772 0.059545 0.126226
0 0.523205 0.436887 0.064799 0.136037
0 0.743651 0.781884 0.060858 0.122302
0 0.416375 0.180183 0.053415 0.105298
0 0.491462 0.172662 0.052102 0.104644
0 0.684107 0.341727 0.048599 0.110530
0 0.607706 0.539241 0.056042 0.122302
0 0.541594 0.663833 0.061296 0.117724