0 0.182137 0.149117 0.073555 0.141269
0 0.345665 0.143558 0.066988 0.179856
0 0.352452 0.428058 0.072680 0.139307
0 0.234676 0.786135 0.083187 0.155657
0 0.349825 0.326030 0.063923 0.143231
0 0.195053 0.087639 0.059107 0.129496
0 0.161996 0.411053 0.085814 0.213865
0 0.417250 0.248855 0.047285 0.114454
0 0.412872 0.084042 0.046410 0.113146
0 0.274956 0.166449 0.050788 0.103990
0 0.260946 0.336494 0.052539 0.111838
0 0.259413 0.436233 0.056480 0.111184
0 0.248030 0.667103 0.061734 0.113800
0 0.359238 0.538587 0.065236 0.147155
0 0.597417 0.155984 0.052102 0.152387
0 0.441112 0.782865 0.071366 0.150425
0 0.594133 0.334859 0.062172 0.145193
0 0.770578 0.296926 0.083187 0.197515
0 0.789405 0.438195 0.064799 0.125572
0 0.571585 0.083061 0.049475 0.128188
0 0.438047 0.310988 0.059982 0.182472
0 0.491900 0.175605 0.048599 0.107914
0 0.514448 0.263898 0.046410 0.105298
0 0.742557 0.786135 0.059545 0.116416
0 0.683231 0.333224 0.052977 0.118378
0 0.606611 0.538914 0.053853 0.113800
0 0.542032 0.663179 0.056918 0.120340