0 0.710158 0.611838 0.052539 0.134075
0 0.447898 0.733813 0.049037 0.104644
0 0.782399 0.295291 0.069177 0.156311
0 0.794440 0.373120 0.068739 0.190320
0 0.751532 0.212557 0.048599 0.133421
0 0.840630 0.734467 0.072680 0.132112
0 0.739492 0.066056 0.049912 0.115108
0 0.441112 0.394375 0.049475 0.137345
0 0.588660 0.130804 0.045096 0.126880
0 0.659588 0.062786 0.042469 0.090255
0 0.665280 0.144212 0.037215 0.093525
0 0.675788 0.226292 0.044221 0.099411
0 0.698117 0.401570 0.046848 0.100719
0 0.706874 0.505559 0.047723 0.102027
0 0.644046 0.741661 0.051664 0.111184
0 0.615368 0.616089 0.051226 0.107260
0 0.516856 0.300523 0.041594 0.100065
0 0.186515 0.277959 0.063923 0.168738
0 0.174256 0.364617 0.071804 0.187704
0 0.192207 0.203074 0.049037 0.132767
0 0.159807 0.488228 0.056918 0.136691
0 0.253284 0.743296 0.066112 0.130150
0 0.207968 0.053630 0.049037 0.107260
0 0.364492 0.199477 0.049475 0.130804
0 0.166594 0.600065 0.066988 0.143231
0 0.436953 0.301177 0.043783 0.101373
0 0.428634 0.141269 0.044658 0.099411
0 0.285464 0.057554 0.039405 0.098103
0 0.281743 0.224330 0.045096 0.102027
0 0.275394 0.409418 0.044658 0.102027
0 0.265981 0.511772 0.046848 0.100065
0 0.263354 0.615435 0.050350 0.104644