0 0.770797 0.298234 0.080123 0.209287
0 0.507443 0.225965 0.062172 0.156311
0 0.511602 0.344997 0.066988 0.124918
0 0.572680 0.079791 0.063923 0.133421
0 0.684982 0.339765 0.047723 0.117070
0 0.604203 0.540549 0.054291 0.117070
0 0.542250 0.661216 0.061734 0.122956
0 0.419002 0.180837 0.049912 0.111838
0 0.348949 0.433617 0.057793 0.149117
0 0.243433 0.637018 0.073555 0.154349
0 0.233363 0.790713 0.076182 0.160889
0 0.166813 0.305428 0.080560 0.205363
0 0.438923 0.432636 0.068739 0.158927
0 0.343695 0.150425 0.065674 0.179202
0 0.198117 0.089601 0.068739 0.130804
0 0.272767 0.164487 0.055166 0.107914
0 0.258757 0.337148 0.054291 0.110530
0 0.258975 0.438849 0.061734 0.115108
0 0.355736 0.559189 0.063485 0.124264