0 0.590412 0.068672 0.049475 0.113800
0 0.839755 0.732178 0.073555 0.144539
0 0.791156 0.366906 0.074431 0.200131
0 0.599825 0.296272 0.064799 0.180510
0 0.699431 0.403532 0.052977 0.111184
0 0.677320 0.227273 0.046410 0.102681
0 0.663529 0.142250 0.044221 0.096141
0 0.520140 0.065075 0.046410 0.105298
0 0.625438 0.506213 0.045972 0.108568
0 0.518608 0.303793 0.047723 0.102681
0 0.588879 0.133094 0.042907 0.128842
0 0.444615 0.394702 0.068739 0.140615
0 0.442644 0.602681 0.066550 0.143231
0 0.173599 0.363963 0.078371 0.202093
0 0.366462 0.295945 0.064799 0.170700
0 0.366681 0.195553 0.054729 0.134729
0 0.164623 0.601373 0.082312 0.153695
0 0.253940 0.742315 0.071804 0.137345
0 0.207531 0.055592 0.057793 0.111184
0 0.264448 0.613800 0.051664 0.111838
0 0.285245 0.060824 0.051226 0.099411
0 0.289623 0.217789 0.058231 0.105952
0 0.437391 0.297907 0.049912 0.109222
0 0.447023 0.738391 0.063047 0.122956