0 0.708625 0.608241 0.059982 0.147809
0 0.586471 0.065729 0.055604 0.111838
0 0.837785 0.728254 0.066112 0.134075
0 0.789842 0.365598 0.078809 0.197515
0 0.597855 0.288424 0.058231 0.164814
0 0.527583 0.496403 0.052539 0.136037
0 0.675350 0.227927 0.045972 0.097449
0 0.665280 0.145193 0.039842 0.094179
0 0.697461 0.401897 0.047285 0.107914
0 0.707531 0.505232 0.049912 0.101373
0 0.643827 0.744277 0.052102 0.115108
0 0.615806 0.613800 0.051226 0.102681
0 0.515105 0.300196 0.045096 0.098103
0 0.519046 0.068672 0.041594 0.103336
0 0.588004 0.129496 0.054291 0.129496
0 0.439580 0.395683 0.064799 0.133421
0 0.187391 0.276651 0.069177 0.175278
0 0.171848 0.362655 0.073117 0.194245
0 0.252846 0.736102 0.063485 0.137999
0 0.206217 0.052649 0.059545 0.105298
0 0.361865 0.055919 0.045972 0.111838
0 0.156961 0.485612 0.062609 0.136691
0 0.364273 0.197842 0.055166 0.137999
0 0.166375 0.603336 0.068301 0.143231
0 0.435858 0.301831 0.042469 0.102681
0 0.429072 0.137999 0.048161 0.104644
0 0.284151 0.056573 0.046410 0.102681
0 0.281743 0.222368 0.047723 0.099411
0 0.272986 0.406148 0.055604 0.096795
0 0.264448 0.509483 0.046410 0.104644
0 0.264448 0.614781 0.054291 0.111184
0 0.448774 0.736102 0.055166 0.114454