0 0.783932 0.296599 0.073993 0.164160
0 0.789186 0.370831 0.073993 0.189666
0 0.839755 0.734467 0.074431 0.132112
0 0.740149 0.067691 0.044221 0.109222
0 0.754378 0.211576 0.047285 0.135383
0 0.709939 0.615435 0.060858 0.136037
0 0.660464 0.060824 0.042469 0.096795
0 0.677320 0.229889 0.040280 0.098757
0 0.665718 0.146174 0.039842 0.094833
0 0.711033 0.506867 0.052539 0.095487
0 0.698555 0.400916 0.043345 0.103336
0 0.644921 0.739699 0.048161 0.104644
0 0.618870 0.618378 0.051226 0.109222
0 0.517732 0.300850 0.044221 0.099411
0 0.590193 0.131458 0.050788 0.126880
0 0.444615 0.389470 0.055604 0.141923
0 0.188923 0.276324 0.060858 0.168084
0 0.173599 0.361674 0.064361 0.187050
0 0.195053 0.203074 0.047723 0.132767
0 0.160683 0.490190 0.055166 0.131458
0 0.366243 0.199477 0.052102 0.136037
0 0.166156 0.603336 0.066988 0.140615
0 0.255035 0.741334 0.059982 0.135383
0 0.208625 0.052976 0.043345 0.105952
0 0.285683 0.057554 0.036340 0.091563
0 0.286121 0.137018 0.038967 0.088293
0 0.282399 0.224330 0.038529 0.091563
0 0.277145 0.308044 0.043783 0.098103
0 0.276270 0.408437 0.046410 0.097449
0 0.265543 0.510137 0.046848 0.100719
0 0.264011 0.613800 0.049037 0.103990
0 0.448993 0.735121 0.051226 0.112492