0 0.520359 0.421190 0.069615 0.175278
0 0.770797 0.297907 0.080123 0.209941
0 0.788529 0.437541 0.070928 0.134729
0 0.742338 0.785481 0.065236 0.119032
0 0.683450 0.344016 0.050788 0.109876
0 0.513573 0.261609 0.048161 0.117724
0 0.541813 0.665468 0.059107 0.123610
0 0.605736 0.537933 0.058231 0.115762
0 0.490149 0.169065 0.051226 0.111838
0 0.570271 0.084042 0.055604 0.123610
0 0.598292 0.157946 0.052977 0.148463
0 0.351138 0.538260 0.078809 0.146501
0 0.351576 0.320798 0.061296 0.134075
0 0.239054 0.791040 0.083187 0.152387
0 0.198993 0.087966 0.061734 0.128842
0 0.344571 0.150098 0.069177 0.173316
0 0.162872 0.406475 0.091068 0.212557
0 0.185639 0.150425 0.062172 0.145193
0 0.357487 0.429366 0.066112 0.145847
0 0.413529 0.087312 0.049475 0.103990
0 0.415937 0.244277 0.054291 0.111838
0 0.272329 0.165141 0.052539 0.110530
0 0.260289 0.335840 0.054729 0.117070
0 0.260289 0.437214 0.060858 0.111838
0 0.247373 0.662852 0.064799 0.119686