0 0.198117 0.089601 0.059107 0.124264
0 0.166156 0.305755 0.085377 0.202093
0 0.185420 0.147809 0.058231 0.145193
0 0.346541 0.145193 0.069615 0.183126
0 0.234895 0.788751 0.085377 0.156965
0 0.272329 0.165795 0.051664 0.111838
0 0.258319 0.337148 0.050788 0.109222
0 0.258975 0.437868 0.056480 0.113146
0 0.356392 0.562132 0.059545 0.111838
0 0.771016 0.298888 0.086690 0.205363
0 0.598074 0.158600 0.053415 0.151079
0 0.570709 0.078810 0.054729 0.134075
0 0.511165 0.343035 0.060858 0.134075
0 0.246060 0.642250 0.073555 0.164814
0 0.348949 0.437541 0.064799 0.151733
0 0.421191 0.182799 0.050788 0.107914
0 0.685201 0.342708 0.047285 0.112492
0 0.521454 0.806082 0.057793 0.118378
0 0.543345 0.665795 0.056042 0.115108
0 0.607268 0.539241 0.055166 0.118378