0 0.602233 0.289732 0.076620 0.179202
0 0.445271 0.397319 0.071804 0.141923
0 0.441112 0.599411 0.069615 0.151079
0 0.362960 0.290059 0.067426 0.175932
0 0.166813 0.594506 0.075306 0.163506
0 0.267732 0.368215 0.079247 0.197515
0 0.206217 0.055919 0.062172 0.111838
0 0.255035 0.741988 0.082750 0.140615
0 0.260508 0.612165 0.063047 0.108568
0 0.286996 0.215827 0.057356 0.105952
0 0.285245 0.057881 0.057356 0.103990
0 0.439142 0.302812 0.046410 0.102027
0 0.449431 0.735775 0.064361 0.117724
0 0.519702 0.065729 0.054291 0.102681
0 0.679510 0.231197 0.055166 0.109222
0 0.662872 0.143558 0.051664 0.102681
0 0.518389 0.300850 0.056042 0.105952
0 0.622811 0.504905 0.059107 0.117724
0 0.698555 0.404840 0.052977 0.113800
0 0.791156 0.367233 0.081436 0.206017
0 0.839317 0.734467 0.083187 0.143885