0 0.854422 0.741988 0.077496 0.137999
0 0.655648 0.721387 0.066112 0.139961
0 0.740368 0.596795 0.085814 0.195553
0 0.618433 0.291694 0.064361 0.173970
0 0.715193 0.405494 0.055604 0.112492
0 0.697023 0.230216 0.049037 0.109876
0 0.641200 0.503597 0.047723 0.109876
0 0.457750 0.386527 0.064361 0.136037
0 0.535683 0.295291 0.044221 0.101373
0 0.530648 0.128515 0.055166 0.135383
0 0.462785 0.724984 0.067426 0.152387
0 0.455560 0.594833 0.054729 0.141923
0 0.381786 0.282538 0.058669 0.176586
0 0.287872 0.356769 0.067863 0.203401
0 0.232487 0.049052 0.047285 0.098103
0 0.456874 0.295618 0.047723 0.102027
0 0.306699 0.048071 0.050350 0.096141
0 0.307574 0.204709 0.049475 0.105952
0 0.276926 0.601046 0.060858 0.111184