0 0.188266 0.275997 0.066550 0.170046
0 0.170534 0.363963 0.069615 0.191629
0 0.365587 0.197515 0.057793 0.137345
0 0.165061 0.599084 0.066550 0.142577
0 0.254159 0.739045 0.061734 0.133421
0 0.207968 0.053630 0.054291 0.107260
0 0.158275 0.486593 0.060858 0.138653
0 0.363179 0.052322 0.049475 0.104644
0 0.436953 0.297907 0.040280 0.093525
0 0.429510 0.141596 0.037653 0.094833
0 0.286121 0.059189 0.041594 0.096141
0 0.281305 0.223022 0.043345 0.098103
0 0.274956 0.410399 0.052539 0.097449
0 0.265105 0.511772 0.046848 0.103990
0 0.264448 0.613800 0.049037 0.109222
0 0.447242 0.733486 0.052977 0.107914
0 0.590193 0.130804 0.043783 0.132112
0 0.441112 0.393394 0.059107 0.139307
0 0.787434 0.288751 0.063485 0.147155
0 0.790061 0.366906 0.073993 0.184434
0 0.587566 0.063113 0.045534 0.114454
0 0.841068 0.736102 0.070928 0.130150
0 0.752189 0.210268 0.042032 0.132767
0 0.709720 0.613473 0.057793 0.138653
0 0.707093 0.509156 0.053415 0.096141
0 0.696585 0.404186 0.049912 0.104644
0 0.617776 0.618378 0.051664 0.102681
0 0.642294 0.741988 0.051664 0.105298
0 0.673818 0.229235 0.045534 0.094833
0 0.663748 0.147482 0.039405 0.098757
0 0.519921 0.067037 0.038967 0.096141
0 0.517075 0.301831 0.041156 0.102681