0 0.723074 0.636037 0.073993 0.196861
0 0.848949 0.779595 0.069177 0.136037
0 0.644702 0.772073 0.068739 0.135383
0 0.675350 0.254742 0.049475 0.101373
0 0.623687 0.543492 0.052102 0.100719
0 0.593476 0.323414 0.064361 0.172008
0 0.436953 0.435252 0.062172 0.139307
0 0.509851 0.338129 0.044221 0.100719
0 0.354422 0.331916 0.066112 0.169392
0 0.259851 0.418247 0.067863 0.195553
0 0.174475 0.250491 0.062609 0.125572
0 0.429947 0.340092 0.045534 0.099411
0 0.354860 0.181818 0.049475 0.107260
0 0.271673 0.089274 0.045096 0.102681
0 0.254816 0.669719 0.056918 0.117724