0 0.450306 0.647482 0.072242 0.160889
0 0.438485 0.429039 0.063485 0.149117
0 0.346760 0.145193 0.065674 0.187050
0 0.161559 0.304774 0.077933 0.202747
0 0.196585 0.089928 0.062172 0.131458
0 0.271891 0.166449 0.060420 0.113146
0 0.258319 0.340746 0.062172 0.115108
0 0.347417 0.327338 0.049475 0.111838
0 0.356173 0.565075 0.060858 0.117724
0 0.243651 0.638980 0.071366 0.170046
0 0.572680 0.081426 0.055166 0.128842
0 0.508100 0.236756 0.059107 0.147809
0 0.417250 0.179202 0.052539 0.113800
0 0.685420 0.342381 0.050350 0.122302
0 0.542032 0.666122 0.052539 0.128842
0 0.607925 0.540549 0.058231 0.115762
0 0.770140 0.301831 0.084063 0.200785