0 0.441550 0.431655 0.064361 0.147809
0 0.451839 0.642250 0.072680 0.164814
0 0.344352 0.147155 0.063485 0.181818
0 0.424694 0.162198 0.062172 0.134729
0 0.166594 0.304120 0.085377 0.211903
0 0.275175 0.168084 0.047723 0.109876
0 0.357049 0.562459 0.058231 0.122956
0 0.259194 0.340419 0.059545 0.115762
0 0.271891 0.071942 0.058669 0.129496
0 0.242338 0.642577 0.073117 0.157619
0 0.441988 0.320144 0.055604 0.143231
0 0.770140 0.299869 0.085814 0.206017
0 0.681918 0.342708 0.055604 0.112492
0 0.608144 0.537279 0.056042 0.119686
0 0.542032 0.667757 0.059545 0.121648