0 0.345009 0.145520 0.067426 0.179856
0 0.165937 0.306082 0.077933 0.205363
0 0.451401 0.647155 0.065674 0.164160
0 0.269921 0.071615 0.061734 0.122302
0 0.426007 0.160562 0.057793 0.134075
0 0.440893 0.432636 0.058669 0.153695
0 0.274956 0.169392 0.048161 0.111184
0 0.260727 0.339438 0.056480 0.113800
0 0.350701 0.329954 0.054291 0.118378
0 0.356611 0.561478 0.058231 0.120994
0 0.242557 0.646174 0.070928 0.162198
0 0.507662 0.234467 0.054729 0.148463
0 0.772329 0.300850 0.085814 0.209287
0 0.684764 0.344997 0.053415 0.107914
0 0.608363 0.536298 0.052102 0.122956
0 0.541156 0.664487 0.060420 0.119032