0 0.616900 0.287116 0.060420 0.189666
0 0.852671 0.735775 0.079247 0.143885
0 0.737960 0.596468 0.085377 0.221060
0 0.698555 0.223349 0.055604 0.105298
0 0.637478 0.501962 0.062172 0.106606
0 0.537215 0.298561 0.051664 0.110530
0 0.461909 0.391105 0.056918 0.141269
0 0.531086 0.127534 0.061296 0.150425
0 0.287872 0.362001 0.073117 0.207325
0 0.380692 0.283846 0.066112 0.188358
0 0.455998 0.294310 0.044221 0.107260
0 0.278678 0.599738 0.061734 0.117724
0 0.306480 0.201766 0.054291 0.110530
0 0.303196 0.051014 0.061734 0.102027
0 0.208187 0.196207 0.065236 0.126880
0 0.655648 0.722041 0.071366 0.134729