0 0.769046 0.293983 0.081874 0.203401
0 0.570271 0.080118 0.059982 0.130150
0 0.507443 0.230543 0.056042 0.149771
0 0.419658 0.176586 0.047723 0.116416
0 0.682137 0.341727 0.051664 0.113146
0 0.606611 0.540876 0.058231 0.117724
0 0.539842 0.665141 0.059545 0.122956
0 0.433888 0.653695 0.066550 0.153695
0 0.239054 0.638326 0.073555 0.155657
0 0.345447 0.147809 0.059545 0.175278
0 0.196147 0.091236 0.066550 0.132767
0 0.168126 0.305755 0.073555 0.203401
0 0.234676 0.788097 0.077933 0.160889
0 0.439580 0.432309 0.059545 0.147809
0 0.346541 0.329300 0.054729 0.119686
0 0.271673 0.167103 0.049475 0.113146
0 0.260070 0.337475 0.048161 0.115108
0 0.354641 0.560170 0.056918 0.120994