0 0.713222 0.613800 0.073555 0.143231
0 0.838879 0.731524 0.076182 0.137999
0 0.788310 0.368215 0.076620 0.201439
0 0.597855 0.294310 0.063485 0.181818
0 0.587785 0.063113 0.051226 0.117070
0 0.589098 0.131131 0.053853 0.131458
0 0.441112 0.393394 0.061734 0.136691
0 0.519702 0.067037 0.046410 0.103990
0 0.677320 0.228581 0.049037 0.100065
0 0.662872 0.144539 0.047285 0.098103
0 0.698774 0.402224 0.050788 0.108568
0 0.706217 0.504578 0.055166 0.109222
0 0.640762 0.737410 0.065236 0.111838
0 0.518389 0.297907 0.048161 0.107914
0 0.172723 0.364290 0.075744 0.197515
0 0.206655 0.052976 0.055166 0.105952
0 0.253284 0.741661 0.069615 0.139961
0 0.156961 0.485612 0.066988 0.140615
0 0.187391 0.276324 0.067426 0.172008
0 0.363835 0.195553 0.059545 0.137345
0 0.163310 0.601046 0.070928 0.146501
0 0.436953 0.301177 0.045534 0.102681
0 0.285026 0.056900 0.048161 0.098103
0 0.281305 0.224003 0.050350 0.106606
0 0.272986 0.412361 0.052102 0.103990
0 0.264448 0.512426 0.055166 0.102681
0 0.261602 0.613800 0.056480 0.107914
0 0.447898 0.732832 0.056918 0.115762