0 0.836909 0.730870 0.076620 0.136691
0 0.802758 0.484630 0.091506 0.205363
0 0.597417 0.291694 0.063485 0.176586
0 0.504816 0.134402 0.065674 0.131458
0 0.520578 0.064421 0.047285 0.100065
0 0.694834 0.404186 0.053415 0.115108
0 0.673380 0.226292 0.056042 0.103336
0 0.515762 0.302812 0.048161 0.105952
0 0.625219 0.501962 0.055166 0.113146
0 0.439580 0.393394 0.061296 0.137999
0 0.160026 0.599084 0.075744 0.146501
0 0.360552 0.290713 0.065236 0.169392
0 0.268827 0.367233 0.077058 0.196861
0 0.262040 0.616089 0.058231 0.112492
0 0.253722 0.743950 0.069615 0.137999
0 0.204904 0.053957 0.061296 0.107914
0 0.281524 0.055592 0.053415 0.109876
0 0.436077 0.303793 0.056918 0.105298
0 0.286340 0.220078 0.047285 0.113146
0 0.437391 0.598430 0.067426 0.147809
0 0.446366 0.736102 0.059107 0.118378