0 0.839536 0.733486 0.078371 0.140615
0 0.809764 0.486593 0.080123 0.204055
0 0.521891 0.066383 0.045534 0.106606
0 0.440893 0.394702 0.067426 0.139307
0 0.267294 0.372139 0.075744 0.204055
0 0.360771 0.290713 0.066550 0.187704
0 0.597855 0.292021 0.066988 0.177240
0 0.663529 0.143558 0.048599 0.109222
0 0.673818 0.223676 0.049912 0.108568
0 0.698117 0.405494 0.052102 0.105952
0 0.623905 0.506867 0.060420 0.117724
0 0.515324 0.297580 0.053415 0.116416
0 0.505911 0.132767 0.065236 0.149117
0 0.163091 0.601046 0.074869 0.151733
0 0.255911 0.745585 0.084501 0.146501
0 0.205342 0.055265 0.060420 0.110530
0 0.438266 0.599411 0.066550 0.148463
0 0.436296 0.300850 0.053853 0.100719
0 0.284151 0.055265 0.050788 0.097449
0 0.284151 0.215500 0.051664 0.115762
0 0.261165 0.615108 0.062609 0.117070
0 0.449650 0.738064 0.059545 0.114454