0 0.435201 0.340419 0.057793 0.136691
0 0.440236 0.431328 0.057356 0.148463
0 0.453590 0.646828 0.062172 0.160889
0 0.344352 0.147809 0.073117 0.189666
0 0.165499 0.303466 0.085814 0.215827
0 0.271891 0.070634 0.057793 0.122956
0 0.244746 0.644539 0.078809 0.168084
0 0.274956 0.165795 0.055166 0.111838
0 0.259413 0.337802 0.059107 0.114454
0 0.354860 0.561151 0.059982 0.116416
0 0.771235 0.296926 0.088879 0.205363
0 0.683012 0.341400 0.049912 0.107260
0 0.604641 0.536298 0.058669 0.122956
0 0.542469 0.667430 0.062172 0.127534