0 0.850919 0.743296 0.070490 0.136691
0 0.737084 0.595814 0.087128 0.213211
0 0.615806 0.289405 0.068739 0.172008
0 0.697680 0.224657 0.045972 0.106606
0 0.641200 0.503597 0.050350 0.115108
0 0.534151 0.297580 0.049912 0.108568
0 0.458406 0.390124 0.073555 0.141923
0 0.379378 0.284500 0.066112 0.184434
0 0.287653 0.354807 0.070928 0.206017
0 0.453152 0.295618 0.056042 0.109876
0 0.385289 0.135710 0.051664 0.106606
0 0.304072 0.050687 0.047723 0.101373
0 0.275613 0.601700 0.063485 0.125572
0 0.208844 0.198496 0.063047 0.128842
0 0.657618 0.724003 0.073555 0.154349