0 0.769264 0.298234 0.080560 0.202747
0 0.594790 0.157946 0.055604 0.143231
0 0.573336 0.085023 0.058231 0.117724
0 0.516200 0.243623 0.063923 0.122302
0 0.439361 0.248528 0.057356 0.132112
0 0.420534 0.181491 0.052102 0.105298
0 0.685639 0.341073 0.049912 0.107914
0 0.606611 0.540876 0.052102 0.116416
0 0.741025 0.782865 0.060858 0.117724
0 0.541375 0.665795 0.060858 0.124264
0 0.443301 0.779595 0.073117 0.166122
0 0.160026 0.408437 0.084501 0.206017
0 0.196585 0.083388 0.064799 0.132767
0 0.236646 0.788751 0.081874 0.162198
0 0.342382 0.148463 0.067426 0.181818
0 0.184545 0.149771 0.058231 0.141269
0 0.355079 0.427404 0.060420 0.145847
0 0.504378 0.159581 0.053415 0.109876
0 0.273205 0.166776 0.056918 0.113800
0 0.257662 0.335840 0.052102 0.109222
0 0.255473 0.436233 0.060858 0.112492
0 0.356611 0.560497 0.061734 0.120340