0 0.769921 0.298888 0.081874 0.201439
0 0.743214 0.785808 0.062609 0.117070
0 0.803853 0.530412 0.071804 0.134729
0 0.570271 0.081099 0.046848 0.130804
0 0.596541 0.333878 0.058231 0.147155
0 0.635070 0.656311 0.064361 0.153695
0 0.518389 0.425441 0.064799 0.178548
0 0.513792 0.262263 0.049475 0.117724
0 0.543126 0.665468 0.059982 0.123610
0 0.607268 0.541530 0.054291 0.111184
0 0.683012 0.342708 0.051664 0.108568
0 0.491243 0.172989 0.045534 0.102681
0 0.597855 0.156638 0.053853 0.141923
0 0.356830 0.539568 0.065674 0.141269
0 0.235989 0.790386 0.081436 0.157619
0 0.161778 0.409745 0.081874 0.212557
0 0.198117 0.087966 0.065236 0.130150
0 0.345228 0.146501 0.058231 0.176586
0 0.350919 0.322433 0.061734 0.134729
0 0.355954 0.429039 0.063047 0.137345
0 0.184326 0.151733 0.062172 0.145193
0 0.414186 0.086985 0.048161 0.107260
0 0.415937 0.247220 0.049037 0.115108
0 0.273643 0.169719 0.046410 0.105298
0 0.258975 0.337475 0.053853 0.107260
0 0.259194 0.438849 0.056042 0.108568
0 0.248030 0.667103 0.059982 0.116416